50
10 38.1667
28.6875 40.8333
39.1875 41.25
14.875 38.9167
17.875 27.1667
38.5625 29.25
47.375 17.75
44.6875 34.5
43.1875 14.0833
34.9375 3.91667
43.625 15
47.5625 8.91667
32.5625 14.25
23.0625 35.25
15.3125 37.0833
29.1875 27.0833
38.125 15.4167
18.375 12.1667
3 34.1667
3.875 20.25
4.5625 5.58333
12.875 7.58333
2.8125 12.0833
7 30.5
31.8125 46.9167
41.75 42.1667
44.6875 37.1667
44.25 21.9167
48.75 10.9167
44.6875 4.5
41.1875 16.8333
46.375 22.6667
14.75 43.3333
6.3125 38.25
38.1875 26.6667
38.875 10.6667
19.875 15.6667
3.6875 19.5
1.625 27.4167
6.5625 33.9167
12 42.9167
23 45
44.5 29.5
42.8125 5.5
31 3.25
6.9375 6.33333
0.5625 18.3333
9.4375 22.25
19.25 13.5
42.9375 37.1667
