200 100 10000
15.67 49.54
44.88 48.63
26.86 26.11
1.54 18.50
20.23 21.64
1.42 27.45
5.43 5.61
3.05 48.06
15.66 5.83
46.30 39.93
37.44 6.85
16.56 38.59
27.27 7.86
27.52 26.54
33.06 18.31
20.51 48.73
17.85 15.39
47.35 44.71
41.50 48.89
13.21 11.73
20.53 14.63
39.17 25.96
20.24 42.22
24.03 35.90
48.05 20.33
25.83 35.49
27.18 42.39
24.08 4.45
0.25 1.60
30.99 33.31
19.91 1.50
32.03 37.76
16.89 29.39
32.47 8.39
28.28 45.68
20.12 48.81
10.32 9.29
24.77 30.56
1.51 48.80
16.46 49.57
19.13 42.29
35.06 46.31
34.67 9.14
0.76 34.92
10.74 31.75
18.23 30.65
33.25 0.26
18.40 0.14
29.65 0.87
8.53 7.93
46.56 28.65
6.74 6.87
37.94 31.51
37.44 39.45
30.31 3.90
39.02 49.44
46.18 24.08
45.75 30.86
33.22 46.51
15.78 43.96
28.26 34.01
24.61 11.51
34.28 43.01
11.65 13.93
43.88 20.18
21.85 40.44
48.83 28.59
47.32 36.77
10.10 34.75
26.23 40.41
38.65 15.25
39.85 34.83
39.33 35.59
15.69 22.55
32.10 31.47
16.52 10.36
15.48 41.12
21.87 49.75
34.13 33.52
13.68 28.02
3.70 35.53
18.46 2.54
14.12 15.77
39.31 24.22
0.52 15.54
14.63 39.17
30.78 4.48
24.00 20.11
40.07 39.69
42.67 22.17
21.15 9.18
32.53 36.63
0.30 4.40
36.38 34.44
37.92 0.06
12.45 41.62
35.59 30.91
44.16 49.71
46.68 33.47
23.94 47.21
49.00 38.57
36.38 29.79
43.05 10.38
49.90 33.12
0.06 42.57
5.30 21.22
1.75 37.83
7.84 2.05
42.22 44.22
36.49 30.14
44.28 48.94
21.76 29.87
29.85 15.92
29.58 26.53
49.39 3.52
23.74 48.40
42.09 10.12
28.19 35.14
20.50 28.09
18.26 20.56
20.65 23.56
41.78 22.40
11.38 49.62
24.45 3.61
43.85 10.94
33.75 38.13
9.89 5.51
18.00 39.74
21.44 47.58
16.27 20.83
1.10 40.01
19.23 43.19
0.13 47.41
28.33 20.62
25.50 46.59
41.18 46.15
20.15 32.96
18.55 31.54
32.58 43.01
35.14 26.43
3.95 18.89
14.56 13.83
24.40 32.56
3.57 45.84
30.14 19.84
16.67 31.24
9.85 35.89
24.43 9.98
33.31 2.76
30.60 8.80
49.36 21.79
4.96 19.51
4.75 23.51
1.04 37.33
16.51 36.19
13.76 20.46
5.08 28.31
34.30 29.48
10.87 37.87
25.31 41.01
7.71 41.98
22.25 17.56
27.87 46.69
27.54 11.18
49.45 8.15
19.98 48.81
29.93 24.94
18.32 34.68
48.45 19.36
22.02 14.96
5.55 35.77
35.42 10.63
14.09 19.72
40.11 24.96
7.59 15.42
15.97 15.30
7.40 38.22
32.86 35.27
34.91 10.40
46.45 34.36
18.54 16.43
33.17 48.48
41.37 1.49
33.16 39.82
20.86 5.18
4.78 26.41
40.95 40.20
37.04 5.04
9.91 27.14
29.99 17.50
42.56 45.96
32.80 49.96
34.18 15.65
35.23 19.09
26.05 31.68
3.45 44.59
48.11 36.62
43.07 39.48
38.11 26.23
29.30 8.97
