1000 50
7.07 38.44
4.53 0.92
24.73 48.59
46.95 7.74
12.94 31.54
38.92 17.68
46.83 8.01
15.93 21.74
31.69 13.59
16.57 23.60
20.32 42.63
30.35 3.39
20.41 49.69
30.97 5.80
32.39 15.91
32.23 39.45
4.36 36.76
40.37 29.09
35.35 37.32
36.83 48.29
18.86 25.75
15.97 15.68
33.76 31.90
37.42 15.45
45.50 4.00
39.05 15.81
46.63 19.40
19.20 17.03
19.09 0.17
22.83 1.47
16.08 5.06
40.92 20.43
41.82 31.29
49.52 27.17
18.61 36.35
25.46 37.47
12.10 41.43
3.16 45.86
23.33 40.58
11.30 18.83
44.58 0.35
34.64 41.20
19.75 3.83
8.24 38.84
4.00 31.07
40.31 20.08
36.12 31.24
40.51 27.95
12.53 40.03
5.12 31.14
26.38 30.57
18.61 38.48
22.00 21.77
34.34 45.33
12.35 45.64
14.15 6.93
46.00 48.79
48.13 15.75
2.62 6.37
4.58 6.62
37.43 44.89
26.70 23.56
26.13 17.21
1.50 38.66
7.24 6.62
19.80 33.62
37.19 38.42
22.10 9.19
10.19 6.44
4.52 22.54
2.08 18.67
29.47 48.08
17.46 27.60
13.83 20.09
33.96 18.41
26.71 21.40
13.30 3.40
44.95 39.43
20.61 46.46
28.09 27.85
3.08 47.90
11.47 40.27
36.32 33.57
49.46 46.50
40.01 3.98
19.04 42.09
22.65 48.51
40.18 40.12
26.10 4.00
10.20 10.07
22.41 36.91
31.46 35.72
40.32 26.42
25.15 10.93
22.88 3.25
38.78 25.95
1.14 0.24
16.22 37.46
33.81 15.68
33.96 23.82
19.66 3.01
15.92 42.32
1.51 6.09
32.44 27.62
10.10 42.64
37.69 32.51
29.55 19.15
18.23 19.87
45.57 43.38
30.79 18.45
46.63 19.57
44.40 47.77
19.81 10.62
35.23 3.63
26.31 19.19
27.45 45.97
22.20 43.37
38.29 23.71
49.46 20.72
1.33 9.55
13.36 39.02
42.06 42.91
8.17 10.29
12.78 3.74
3.67 43.57
22.18 0.30
13.14 16.58
48.06 32.95
27.20 33.29
36.58 3.51
2.49 14.03
49.48 24.68
7.40 37.77
48.39 6.86
8.49 49.72
16.41 21.85
38.74 8.48
14.76 46.91
18.77 27.54
0.64 22.44
21.11 22.82
22.73 34.25
39.40 20.80
17.20 16.61
4.09 3.78
20.12 6.58
17.82 19.60
31.26 25.21
7.36 29.65
32.07 15.85
29.38 48.49
37.71 18.12
6.96 2.47
15.02 25.73
30.01 15.67
48.16 1.12
38.49 20.90
35.37 27.89
41.69 2.57
44.50 45.78
6.36 14.62
2.36 24.17
34.22 33.62
49.39 41.58
13.27 31.46
7.43 42.65
29.95 45.14
10.77 36.91
47.61 25.79
12.64 27.62
41.46 10.80
28.74 29.95
31.70 14.12
7.84 23.39
16.69 2.34
19.17 23.05
16.96 21.53
47.22 1.18
5.14 46.61
42.76 18.42
28.07 0.19
11.06 8.02
45.33 21.83
44.93 42.94
47.62 7.57
20.57 39.08
18.37 49.31
19.03 0.06
13.43 26.87
23.45 30.12
29.21 42.62
3.17 46.17
14.15 0.39
47.34 19.30
47.01 40.10
37.71 25.08
40.29 48.78
33.10 35.62
20.61 28.03
28.57 18.23
35.60 49.13
7.31 3.96
48.44 26.33
4.03 11.87
3.20 27.48
41.99 32.40
20.10 45.16
28.57 34.25
45.55 25.92
3.55 42.56
16.02 41.26
17.64 6.31
40.04 0.74
41.93 10.64
28.77 20.49
28.87 14.37
19.63 36.18
18.33 18.07
12.51 22.36
29.94 15.70
49.84 21.93
48.11 19.94
17.08 26.68
4.20 12.64
2.60 7.75
5.19 18.61
49.01 22.83
24.92 39.04
23.57 16.85
49.69 2.34
37.34 28.56
16.71 6.97
14.73 35.04
25.04 27.24
7.40 4.98
42.94 7.24
26.91 41.05
27.18 43.99
17.73 31.38
6.63 20.33
39.13 11.82
38.94 38.14
34.65 13.86
27.18 8.23
30.71 26.87
10.57 18.05
5.43 27.28
25.02 20.16
12.33 0.06
47.40 19.73
5.04 40.34
26.98 31.95
31.39 4.16
25.93 49.12
35.54 32.56
19.45 24.67
44.38 8.40
12.81 29.03
22.26 39.99
37.26 2.97
16.86 47.83
21.02 22.28
25.11 46.04
42.44 37.44
46.11 39.84
7.18 1.15
30.18 34.15
33.09 11.57
38.31 9.03
10.69 23.85
41.59 30.15
48.52 35.97
38.54 11.33
15.00 10.80
1.32 2.26
13.77 18.18
0.09 34.79
40.46 25.20
30.83 32.90
12.65 26.94
22.74 19.83
28.08 2.91
3.98 11.17
14.48 42.29
20.20 25.18
16.14 11.79
5.32 14.67
47.75 43.86
26.00 12.75
4.66 27.32
15.01 18.43
45.50 15.10
3.21 35.96
40.31 34.04
18.86 2.95
10.98 41.60
22.78 39.06
44.51 26.76
0.23 8.99
19.05 20.43
34.17 35.19
32.22 39.49
49.86 29.97
33.35 25.86
42.72 38.01
3.18 7.73
6.44 48.68
22.83 9.65
34.64 13.14
43.70 3.50
16.09 4.68
45.10 38.87
43.74 39.61
15.63 43.97
48.61 34.68
14.40 32.78
19.87 46.62
22.27 19.73
26.59 5.62
45.59 19.32
43.64 48.77
27.05 0.08
47.46 49.88
9.73 32.10
13.02 3.42
35.60 29.12
8.10 30.71
17.99 1.84
20.32 33.62
45.81 18.93
18.30 10.21
1.71 38.16
6.84 23.97
7.89 33.43
29.60 3.48
2.75 23.23
2.25 29.80
23.31 49.71
29.68 33.04
31.81 42.70
36.46 17.41
21.82 44.56
48.12 39.81
46.40 18.44
23.43 42.21
37.37 41.73
2.42 39.07
29.89 9.26
13.05 37.78
42.69 42.64
41.26 45.44
15.88 43.52
25.23 39.18
43.23 4.91
22.22 25.04
47.61 8.68
42.45 19.43
3.24 40.57
9.24 49.64
9.01 32.67
41.85 46.38
24.40 44.27
35.45 4.29
3.53 48.49
42.07 46.22
41.14 33.34
41.66 7.01
26.86 16.89
46.20 20.09
21.80 18.42
45.13 19.42
27.10 37.58
38.85 30.35
28.16 48.09
29.99 37.17
30.77 21.84
33.55 5.17
16.11 19.00
9.46 19.65
17.49 1.53
15.87 8.63
34.87 7.52
15.64 11.73
24.41 11.84
31.82 46.22
30.26 26.95
15.63 7.36
14.53 4.48
37.71 42.69
2.58 17.70
29.86 33.35
39.54 13.40
38.52 5.65
32.40 47.98
25.30 49.89
49.51 41.16
8.52 34.38
48.69 24.16
46.11 23.10
36.00 27.93
19.32 16.26
4.88 34.95
23.62 19.41
39.44 11.32
12.10 42.01
29.02 41.96
25.36 18.55
5.36 13.88
24.21 37.76
11.85 49.50
37.65 11.36
40.66 46.17
45.75 39.35
20.33 41.86
12.45 6.33
19.80 31.77
22.58 24.68
16.72 46.20
44.09 6.16
7.52 6.19
48.17 36.54
48.15 23.53
5.09 3.51
37.41 29.30
41.27 49.26
28.80 28.93
10.63 19.46
25.10 6.37
8.82 45.43
48.23 21.27
1.75 18.03
3.04 24.34
42.70 19.77
20.54 36.79
25.93 28.06
42.98 24.10
14.60 41.13
47.63 19.69
44.64 35.04
48.99 35.92
34.31 27.79
14.84 44.93
47.25 39.94
1.30 6.07
35.36 49.54
27.34 37.12
17.56 30.38
11.45 10.27
0.14 31.99
47.06 26.07
10.04 40.05
0.17 24.64
31.18 47.81
44.33 25.82
32.85 43.32
11.74 17.16
21.10 26.58
12.09 18.35
16.52 13.39
24.42 1.88
12.93 1.76
39.00 30.49
32.14 0.45
40.76 32.28
32.44 37.82
8.35 42.48
27.87 8.52
17.12 9.05
6.33 11.45
34.87 39.18
4.77 46.61
6.33 25.87
23.19 18.42
44.22 39.71
31.82 18.64
41.59 44.74
20.40 30.59
25.24 2.54
31.04 16.00
34.82 13.47
3.82 43.17
5.95 31.69
1.69 23.08
40.74 8.02
34.52 25.62
47.20 39.29
22.23 3.53
15.16 45.42
21.95 9.38
35.13 3.77
28.03 26.72
48.51 48.43
7.31 23.75
0.97 38.35
39.75 35.79
1.82 43.57
28.96 7.78
25.27 30.65
30.85 16.01
38.67 15.38
41.63 35.87
4.67 13.85
39.40 19.83
9.27 11.35
29.21 44.40
15.12 7.24
21.12 13.64
5.67 28.44
37.39 6.64
16.79 27.14
42.43 18.61
20.71 21.39
26.39 45.97
2.04 7.25
11.98 40.71
22.62 3.61
26.58 27.29
17.46 15.98
47.12 26.73
27.33 26.34
21.13 42.46
33.58 42.26
6.09 39.25
20.69 43.48
45.88 37.48
20.62 38.31
6.09 41.33
9.70 32.48
37.30 11.74
39.73 49.28
2.45 12.35
2.89 29.02
39.65 20.35
45.00 36.77
47.09 22.34
13.10 18.22
14.79 46.68
10.48 20.89
35.93 31.17
14.37 31.81
18.65 34.99
20.12 24.74
26.31 29.82
7.22 13.61
41.56 46.94
12.90 44.00
9.30 15.79
23.03 48.94
36.14 18.03
35.71 33.23
40.37 48.81
1.45 5.16
45.49 11.93
26.05 31.42
43.10 40.42
13.23 11.74
25.40 33.35
36.48 1.72
13.17 43.70
15.33 4.73
40.65 28.22
48.73 49.94
44.01 21.76
48.88 30.16
39.79 34.59
13.38 30.15
33.41 14.83
35.32 28.90
26.76 11.37
10.32 19.86
1.78 23.55
31.60 27.19
6.90 18.08
28.90 20.08
11.78 44.23
24.81 2.43
22.45 23.54
2.37 16.46
45.30 1.25
46.62 35.08
35.84 10.00
15.24 19.25
24.84 0.55
48.15 1.60
11.92 8.47
21.45 13.70
32.02 3.05
40.89 38.92
21.13 19.79
9.00 32.91
14.02 33.81
35.34 36.47
7.34 37.71
2.93 2.64
38.96 49.55
37.72 24.80
9.55 2.96
44.05 34.39
3.51 42.19
35.99 15.42
0.66 7.44
29.12 32.67
10.49 20.01
21.59 31.62
39.80 30.59
14.54 3.82
14.40 49.88
40.28 21.74
37.59 43.22
24.38 26.55
42.77 12.10
1.35 2.32
15.06 45.39
36.71 18.57
37.58 22.70
33.99 38.24
30.14 13.11
20.91 40.63
33.12 42.50
22.25 22.92
23.09 36.79
26.74 37.49
36.67 17.02
9.23 24.26
10.24 33.61
0.81 3.00
45.71 2.16
5.33 10.77
47.55 42.04
29.33 35.13
14.73 13.32
23.37 44.87
26.44 44.28
35.50 9.56
36.78 7.75
32.48 9.87
44.54 9.22
47.36 31.21
26.24 6.59
5.47 36.48
40.19 6.28
39.48 35.90
8.44 44.81
46.67 5.98
36.84 26.00
41.11 1.58
39.33 14.48
46.45 15.77
8.76 31.95
25.33 45.54
39.70 7.81
5.42 34.25
17.03 2.77
15.46 43.27
9.36 20.94
29.74 49.55
27.22 19.22
35.46 35.65
14.03 32.13
41.64 0.87
8.13 32.75
2.45 47.46
47.24 48.90
13.23 6.00
30.85 38.55
1.54 20.55
46.36 6.96
4.80 13.39
9.73 20.27
6.65 19.09
41.20 36.39
18.65 18.42
5.62 4.10
4.07 19.65
36.23 45.71
20.52 44.36
28.46 22.97
41.82 25.69
21.87 5.05
31.69 2.73
43.60 33.23
23.28 39.96
40.19 28.08
3.35 49.92
48.35 10.00
19.02 39.55
46.40 37.67
7.97 2.02
41.77 12.04
21.67 28.00
7.74 42.19
22.37 36.20
15.16 14.19
11.89 37.04
19.24 43.58
39.76 12.85
26.82 13.04
2.81 17.01
41.13 6.16
16.93 39.48
16.17 35.95
29.03 12.56
23.62 36.99
14.58 15.39
49.03 36.25
43.39 6.78
28.43 15.76
42.98 43.60
29.95 4.87
30.64 49.19
48.45 20.40
12.04 25.27
33.44 14.85
42.28 24.57
21.01 9.21
14.05 37.18
45.16 43.07
49.74 18.78
30.06 14.32
34.17 29.10
0.57 27.56
35.87 29.00
43.32 28.85
22.60 23.27
33.72 3.23
22.47 32.17
23.63 34.50
7.44 7.08
49.35 49.72
31.65 20.37
8.93 45.69
7.55 4.09
38.76 7.29
22.87 18.83
21.61 7.04
47.92 22.18
34.61 33.79
1.18 27.93
12.64 23.78
1.20 46.36
27.01 23.67
28.53 0.64
8.17 35.96
7.72 7.53
35.68 39.37
27.89 44.61
35.06 35.44
48.70 23.82
42.73 21.57
42.65 14.33
28.62 40.57
36.51 13.22
24.36 37.69
41.15 37.00
11.47 42.35
33.36 38.48
16.02 11.89
39.13 24.19
47.85 46.85
31.72 33.53
36.21 9.61
28.13 21.27
45.05 26.83
45.09 37.77
48.40 37.73
2.11 27.02
28.30 38.62
40.24 2.66
26.31 31.39
39.67 37.78
23.75 23.03
26.26 39.77
34.91 15.38
13.96 32.76
12.23 45.67
16.29 48.44
5.28 44.42
19.71 0.33
21.25 14.80
38.10 19.65
2.53 40.21
46.67 30.83
28.83 36.91
33.49 5.14
18.31 23.15
42.92 42.06
46.18 19.18
31.82 31.09
34.56 45.78
13.85 46.79
41.46 30.14
45.23 46.74
24.56 14.94
47.07 45.81
29.73 35.17
15.46 32.26
25.39 12.13
13.09 4.21
49.05 46.58
9.35 17.36
19.74 2.27
9.41 15.92
21.45 41.24
47.01 6.01
37.02 10.86
2.79 28.48
41.00 48.02
25.22 15.56
12.96 22.29
11.37 42.69
7.46 26.83
24.96 32.85
38.97 38.05
37.06 38.01
34.63 46.42
5.37 4.36
48.69 14.78
20.28 20.14
6.02 17.29
26.14 43.04
28.15 28.93
21.52 19.15
26.96 46.74
34.71 39.92
19.03 46.08
32.61 26.49
22.91 7.57
9.34 11.88
45.61 46.41
49.89 30.24
42.82 5.26
34.60 41.51
20.04 4.88
11.65 26.06
22.17 37.79
19.10 0.32
16.72 40.62
19.47 43.68
37.36 4.18
33.60 6.38
0.26 16.21
32.88 23.17
23.77 42.22
35.05 19.38
38.62 34.94
49.63 31.45
40.20 34.23
22.96 10.24
39.11 34.61
36.30 11.28
22.40 5.40
11.60 39.12
46.02 31.08
32.80 33.38
35.26 16.40
39.77 35.52
32.60 22.64
8.69 6.37
14.86 43.74
25.76 3.48
28.68 25.38
34.93 18.88
9.61 7.89
29.12 48.73
42.50 15.43
10.01 14.89
20.83 21.62
4.02 16.86
2.69 36.82
0.24 37.95
3.21 40.00
23.47 35.82
12.65 32.16
42.19 27.51
25.90 17.95
30.99 4.59
43.33 15.92
23.47 2.95
23.80 2.59
1.67 16.30
18.02 11.68
31.19 38.85
33.30 35.21
5.71 35.99
22.03 5.95
23.94 25.24
45.95 47.41
11.06 8.60
29.56 3.25
36.10 5.47
21.19 17.09
10.05 14.53
33.00 33.52
17.47 6.81
36.12 19.14
23.11 4.14
30.83 4.30
42.99 14.13
39.51 48.70
0.12 11.53
4.64 24.06
36.78 0.59
21.46 47.83
9.19 1.03
1.08 45.29
6.49 22.27
12.38 16.55
36.80 45.38
0.07 4.27
2.19 36.19
23.42 25.30
40.32 4.24
29.60 33.31
18.37 19.10
32.01 18.49
30.64 36.65
42.55 17.41
37.24 14.01
15.25 46.43
15.04 16.33
41.72 21.53
38.60 4.10
38.08 25.40
49.48 38.15
29.67 1.67
24.33 3.08
26.97 14.66
7.33 6.57
47.97 25.70
25.67 29.98
44.19 6.31
16.64 36.73
23.73 3.88
0.74 38.97
0.31 15.78
5.30 42.03
37.31 43.90
46.14 25.38
19.29 45.62
13.53 48.96
47.29 37.86
2.05 24.26
2.52 9.37
30.83 0.50
35.07 6.50
30.48 29.26
12.81 47.11
15.99 36.54
0.99 16.74
25.51 1.30
32.52 30.81
43.34 19.82
24.70 39.47
45.21 44.00
35.09 8.74
42.96 32.39
46.60 45.00
6.65 49.13
4.38 37.48
49.62 39.45
43.99 30.10
18.71 6.80
27.21 34.71
43.33 28.21
1.44 18.84
29.51 33.96
49.65 22.85
3.78 24.35
12.32 48.99
18.35 47.42
7.73 11.31
29.81 4.34
6.31 36.46
3.46 10.69
23.94 3.09
0.14 17.93
33.19 18.85
24.73 10.40
3.56 18.06
38.61 5.00
36.90 18.12
38.96 36.55
40.97 42.74
10.91 3.29
41.73 29.25
0.71 49.47
40.56 30.51
3.80 46.87
16.97 7.27
7.56 40.92
10.35 7.70
8.84 43.54
26.55 33.57
3.94 30.11
1.63 42.55
35.11 38.53
10.67 24.07
25.09 1.64
16.81 35.99
4.93 8.54
