0-2-0-2-1-2-0-0-0-2-1-1-1-2-2-2-0-1-1-0-2-1-1-2-1-1-1-1-1-1-2-2-2-0-0-0-0-0-0-0-0-0-2-2-2-1-1-1-2-2-0-0-1-2#
16,7,8,0,8,0,8,0,8,0,8,0,8,0,38,37,38,37,38,37,0,38,37,38,36,39,7,39,40,7,39,40,8,0,8,0,8,40,39,40,8,0,8,0,8,0,8,0,51,16,51,16,51,16,51,16,51,16,51,16,51,16,51,16,51,16,51,16,51,16,51,16,51,16,51,16,51,16,51,16,51,16,51,16,51,16,51,16,8,0,37,38,36,37,38,37,36,38,37,38,37,38,37,38,37,36,38,37,38,37,38,37,38,37,38,37,38,37,38,37,38,37,38,37,38,37,38,37,38,37,38,37,38,37,38,37,38,37,38,37,38,37,38,37,38,37,38,37,38,37,38,37,38,37,38,37,36,39,35,40,35,34,35,34,35,34,35,40,8,0,8,0,8,0,8,0,8,0,8,40,7,39,7,39,8,0,38,37,38,37,38,37,38,37,38,37,38,37,38,37,36,39,7,39#
6,41,34,2,19,33,34,35,7,39,40,7,39,40,35,40,50,41,6,40,8,0,37,0,16,51,16,51,16,51,16,51,16,51,16,51,38,37,38,37,38,37,38,37,38,37,38,37,0,8,39,7,35,7,39,40,39,40,7,35,7,35,34,35,40,35,7,39,40,8,0,38,37,38,37,38,37,38,37,38,37,38,37,36,38,37,36,38,37,36,38,36,39,40,39,35,7,39,7,35,34,35,7,39,35,7,35,7,39,36,39,40,7,39,7,35,7,35,7,35,40,7,35,40,7,35,40,8,0,8,0,8,0,8,0,8,0,8,0,8,0,8,0,8,0,8,0,8,0,8,0,8,0,8,0,8,0,8,0,38,37,38,37,38,37,38,37,0,8,0,8,0,8,51,16,51,16,51,16,51,16,51,16,51,16,51,16,51,16,51,16,50,6#
50,40,7,35,50,6,41,50,41,50,6,41,50,41,50,6,41,50,6,41,6,50,6,41,50,6,41,6,19,2,19,2,19,2,19,2,19,2,19,2,19,33,2,33,2,33,2,33,2,33,2,33,2,33,2,33,2,33,2,33,2,33,2,19,33,2,19,33,2,19,2,19,33,2,19,33,2,19,33,2,19,2,19,33,34,35,40,7,39,35,40,39,40,7,39,40,39,40,39,40,35,7,39,40,8,0,8,36,35,40,35,34,35,40,39,40,7,39,35,34,2,19,2,19,2,19,2,19,2,19,2,19,2,19,2,19,2,19,2,19,2,19,2,19,2,19,2,19,2,19,2,19,2,19,2,19,2,19,2,19,2,19,2,19,2,19,2,19,2,19,2,19,2,19,2,19,2,19,2,19,2,19,2,19,2,19,33,2,19,33,2,19,2,19,33,34,35,40,39,40,7,35,40,39,40,7,35,34,35,34,35,7,39,35,40,35,40,36,7,39,40,39,40,39,40,39,7,39,40,39,40,39,40,39,7,39,8,0,51,16,51,16,51,16,51,16,51,16,51,16,51,16,51,16,51,16,51,16,50,6,41,6,16,0,8,0,38,37,38,37,38#
0,8,19,2,19,33,35,7,39,7,39,40,7,35,34,35,34,35,7,35,34,35,7,39,40,50,41,50,41,50,41,50,41,50,41,6,41,50,41,50,6,41,50,6,41,50,41,50,6,41,50,41,50,41,50,6,41,50,6,41,50,41,50,6,41,50,41,50,6,41,50,41,50,41,50,6,41,50,41,50,6,41,50,6,41,50,41,50,41,50,6,41,50,6,41,50,41,50,41,50,6,41,50,6,41,6,41,50,6,41,50,6,41,50,41,50,6,41,50,6,41,50,41,50,6,41,50,6,41,50,41,50,41,50,41,50,6,41,50,41,50,41,50,41,50,41,50,41,50,41,50,6,41,50,41,50,41,50,41,50,41,50,6,41,50,41,50,6,41,50,6,41,50,41,6,16,6,50,6,16,51,16,51,16,51,16,51,38,37,38,37,38,37,38,37,38,37,38,37,38,37,38,37,38,37,38,37,38,37,38,37,38,37,0,8,0,8,0,8,0,8,0,8,51,16,51,16,6,50,6,51#
51,39,40,41,16,51,16,51,16,51,16,51,16,51,16,51,16,51,6,16,51,16,50,40,8,51,16,0,8,0,8,0,8,0,8,0,38,37,38,37,38,37,38,37,38,37,38,37,38,37,36,39,40,35,40,35,40,39,40,7,39,40,7,39,35,40,7,39,35,7,39,40,35,7,39,7,35,34,35,7,35,7,35,34,35,7,39,40,7,35,40,8,0,8,0,8,0,8,0,8,0,51,16,51,8,0,51,16,51,16,51,16,51,16,51,16,51,16,51,16,51,16,51,16,51,16,51,16,51,16,51,16,51,16,51,16,51,16,51,16,51,16,51,16,51,16,0,51,16,51,16,51,40,35,7,35,34,35,7,39,35,7,39,36,39,7,35,7,35,7,35,7,35,40,7,35,7,35,7,35,40,35,40,35,40,7,39,35,7,39,7,35,34,35,40,8,0,8,0,8,0,8#
38,35,34,2,33,2,19,33,34,35,40,39,40,7,39,8,0,8,51,16,51,8,36,34,35,7,39,40,7,35,7,39,40,7,39,7,39,40,7,35,40,7,39,7,39,40,7,39,7,39,40,8,0,8,0,8,0,8,0,8,0,38,37,38,37,38,37,38,37,38,37,38,37,38,37,38,37,38,37,0,8,0,8,0,8,0,38,37,36,39,7,39,40,35,7,35,7,35,34,35,34,35,40,35,40,36,39,40,35,7,39,7,35,40,39,40,39,40,39,7,39,40,39,7,39,40,39,7,39,40,7,39,7,39,7,39,40,7,39,7,39,40,7,39,40,7,39,7,35,40,39,40,7,35,40,39,40,7,35,40,39,35,40,35,34,35,34,2,19,2,19,2,19,2,19,2,19,2,19,2,19,2,19,2,19,2,19,2,19,2,19,2,19,2,19,2,19,2,19,2,19,2,19,2,19,2,19,33,2,19,2,19,33,34,35,40,35,40,39,40,7,39,40,7,39,7,39,40,7,39,40,7,35,40,35,40,35,34,35#
11,28,46,45,46,10,24,12,52,26,29,26,29,27,26,29,26,29,11,25,24,10,12,10,24,10,24,25,10,24,10,24,25,11,29,12,24,25,11,29,26,29,25,11,25,24,12,10,24,10,12,10,24,10,12,52,29,11,25,28,27,26,29,26,29,52,27,28,11,28,27,26,29,27,26,52,27,52,26,29,52,27,26,29,52,27,28,11,25,10,24,25,28,25,29,11,25,11,25,24,25,11,25,11,29,12,24,10,12,10,24,10,24,25,11,25,10,24,25,11,25,11,25,12,52,27,26,52,26,29,52,26,29,26,29,25,11,28,11,25,11,25,11,25,11,25,28,27,26,52,27,28,11,28,27,28,27,26,29,12,10,24,10,12,10,24,10,24,12,10,24#
29,27,26,29,11,27,26,29,11,25,11,28,27,26,29,11,28,11,25,11,25,52,27,28,11,28,11,29,26,29,11,25,28,27,26,29,11,25,10,24,10,24,10,12,26,27,28,27,28,11,25,11,25,24,25,11,25,11,25,28,11,25,28,11,25,11,25,11,28,52,17,52,26,52,27,28,11,29,26,29,25,11,28,11,25,10,12,10,24,10,24,25,11,28,11,29,26,29,52,26,52,26,29,27,26,52,27,28,29,25,28,11,25,29,26,29,27,26,52,27,17,52,26,29,27,26,29,26,29,26,29,52,27,28,27,28,27,28,11,25,24,10,24,12,10,24,10,24,10,24,12,10,12,10,12,24,10,24,25,11,28,11,25,11,25,11,25,28,11,25,11,25,11,28,11,25#
26,52,22,4,22,46,45,22,12,24,10,12,10,12,10,24,12,10,24,10,24,25,10,24,25,12,52,27,28,52,17,52,27,28,11,28,27,28,11,28,27,28,27,26,52,27,28,27,28,27,26,52,17,52,26,29,52,27,28,27,26,29,11,25,29,11,25,10,12,10,24,12,10,24,10,12,24,12,24,25,28,12,10,24,12,10,24,10,12,24,12,10,24,10,12,10,24,10,24,12,10,12,24,25,28,27,28,52,26,29,11,28,27,28,11,25,11,28,11,25,10,12,24,10,12,52,27,28,27,26,52,26,29,52,27,28,11,25,24,10,12,52,27,28,52,17,52,26,29,52,27,26,29,12,52#
25,10,24,25,28,18,17,52,26,29,27,28,27,28,11,25,12,52,27,26,52,27,52,26,52,26,29,52,27,28,27,26,52,17,52,26,52,17,52,26,29,26,29,52,27,28,11,12,24,12,10,24,10,24,12,10,24,10,12,10,24,12,10,24,10,12,10,24,12,24,25,28,11,25,24,10,12,52,27,26,52,26,29,52,27,28,27,28,11,25,24,10,12,52,29,11,28,27,28,27,26,29,25,11,28,11,27,28,52,17,27,28,52,17,52,27,28,29,11,25,11,25,28,27,26,29,26,29,52,29,52,17,52,26,29,25,11,29,26,29,11,25,29,25,10,24,10,24,10,24,12,24,25,28,52,17#
18,21,47,21,47,21,47,21,47,45,10,24,12,24,4,22,4,22,4,22,4,22,4,22,4,22,46,4,22,46,4,22,46,4,22,46,4,22,4,22,46,4,22,46,4,22,46,4,22,4,22,46,4,22,46,4,22,46,4,22,4,22,46,4,22,46,4,22,46,4,22,4,22,46,45,21,47,21,45,47,21,47,21,45,47,21,45,47,21,47,21,45,47,21,47,21,45,47,21,47,21,45,47,21,47,21,45,47,21,47,21,45,47,21,45,21,47,21,45,47,21,45,47,21,47,21,45,47,21,47,21,45,47,21,47,21,45,47,21,47,21,45,47,21,47,22,4,22,4,46,45,46,4,22,4,22,4,22,46,4,22,46,4,22,4,22,46,4,22,46,4,22,46,4,22,46,4,22,4,22,46,4,22,46,4,22,4,22,46,45,46,4,22,4,22,4,22,46,4,22,46,4,22,46,4,22,4,22,46,4,22,46,4,22,46,4,22,4,22,46,45,46,4,22,46,45,46,45,46#
17,4,22,4,46,45,4,22,4,46,45,47,21,47,21,47,21,45,47,21,45,47,21,47,21,47,21,45,47,21,47,21,45,47,21,47,21,45,47,21,47,21,45,47,21,47,21,45,47,21,45,47,21,47,21,45,47,21,47,21,45,47,21,47,21,45,47,21,47,21,45,47,22,4,22,4,22,4,46,45,46,4,22,4,22,4,22,46,4,22,46,4,22,46,4,22,4,22,46,45,46,4,22,4,22,4,22,46,4,22,46,4,22,4,22,46,45,47,22,4,22,4,46,4,22,4,22,46,4,22,46,4,22,46,4,22,4,22,46,4,22,46,4,22,46,4,22,4,22,46,45,21,47,21,45,47,21,45,47,21,47,21,45,47,21,47,21,45,47,21,47,21,45,47,21,47,21,45,47,21,47,21,45,47,21,47,21,45,47,21,47,21,45,47,21,47,21,45,47,21,47,21,45,47,21,47,21,45,47,21,47,21,45,47,21,47,21,45,46,45,47,21,45,46,45,46#
53,3,32,13,5,44,48,43,44,48,43,20,31,20,31,43,48,44,3,49,42,31,20,42,14,49,43,44,32,1,32,1,14,42,14,1,32,31,43,44,49,42,14,1,32,1,32,31,20,31,32,14,42,49,3,13,5,44,3,13,3,13,5,13,3,49,42,14,42,49,3,49,43,48,44,49,31,20,32,1,14,1,32,1,32,44,5,30,5,13,3,49,3,49,42,43,48,44,49,3,49,31,20,32,1,14,1,14,32,20,31,20,1,14,1,32,31,43,44,48,44,3,13,5,44,48,43,48,43,20,44,43,48,44,5,30,9,15,9,15,9,15,9,15,9,15,9,15,9,15,9,15,9,15,9,15,9,15#
23,5,13,5,44,43,30,9,15,9,15,49,5,13,5,13,5,44,3,13,3,13,5,30,5,30,9,15,9,15,9,30,5,48,43,48,43,20,15,9,15,9,15,9,15,9,15,14,1,32,1,32,49,42,14,1,14,42,43,44,42,14,31,20,44,3,1,14,49,43,20,1,14,31,15,9,15,9,30,5,44,43,20,31,43,44,48,43,20,31,20,32,1,32,31,20,32,1,14,42,49,42,14,1,14,42,49,5,13,5,13,5,48,43,48,43,48,43,44,48,43,44,48,43,20,31,20,32,1,32,31,20,32,1,14,1,32,1,32,20,31,32,14,1,31,20,32,1,14,1,32,20,31#
15,14,1,14,1,32,1,32,49,42,14,1,32,1,14,42,49,3,13,5,13,5,48,43,31,32,1,14,32,1,14,49,42,31,20,43,49,3,13,49,31,20,43,44,43,20,31,20,32,1,14,42,31,20,43,44,48,44,48,43,44,1,31,20,31,32,1,32,20,31,20,43,20,31,32,1,42,14,42,49,3,13,5,13,3,49,5,13,49,3,49,42,14,42,43,48,44,49,3,13,48,43,48,44,42,20,31,3,13,42,14,42,20,31,3,13,3,49,42,14,1,32,31,32,14,42,49,42,14,1,15,9,15,9,15,9,15,9,15,9,15,14,42,49,3,49,42,14,42,49,3,49,42,31,43,44,48,43,20,31,43,49,3,13,49,31,20,31,43,48,44,5,48,43,48,44,5,13,3,43,48,44,5,30#
9,49,3,48,43,48,44,30,9,15,9,15,9,15,9,15,9,15,9,15,9,15,9,15,9,15,9,15,14,1,32,20,31,49,3,13,30,9,15,9,15,9,15,9,15,9,15,9,15,9,15,9,15,9,15,9,15,9,15,9,15,9,15,9,15,9,15,9,15,9,15,9,15,9,15,9,15,9,15,9,30,5,44,5,13,3,48,43,20,31,32,1,14,1,32,1,14,42,14,1,32,1,32,13,5,13,3,49,3,13,5,30,9,15,9,15,13,3,13,5,44,43,44#
30,13,42,49,42,14,42,3,13,3,49,31,15,3,13,3,49,42,32,20,44,43,20,31,32,1,32,20,31,3,42,14,1,14,42,20,31,3,13,3,13,5,13,3,49,3,49,42,32,42,14,42,49,3,49,42,14,1,32,20,43,48,43,48,43,48,44,5,48,44,48,44,5,13,3,13,5,48,43,44,5,48,43,48,44,5,13,5,13,3,49,5,13,42,14,42,31,44,5,13,5,48,43,20,32,1,14,1,32,43,44,13,49,42,49,3,13,3,13,5,30,5,13,3,48,44,43,20,31,43,48,5,13,3,13,3,49,31,20,31,44,3,49,3,49,42,31,20,31,20,31,20,31,20,32,1,14,32,1,14,42,14,42,49,3,13,5,30,5,48,43,48,43,20,1,32,20,31,3,49,14,42,31,44,3,13,5,30#
44,48,43,20,31,20,31,20,31,5,48,43,20,31,20,32,1,14,42,14,1,32,1,14,42,49,3,48,44,48,43,44,5,48,44,48,13,30,5,48,43,48,44,48,44,5,48,5,13,49,3,13,5,44,5,13,5,30,5,13,3,49,42,14,1,14,42,14,1,32,31,43,44,48,43,20,31,20,31,20,31,32,1,32,20,31,3,44,48,43,20,31,48,43,20,31,32,1,32,20,31,32,14,1,32,44,5,13,5,48,43,48,44,5,48,43,48,44,5,48,49,3,13,42,49,42,14,42,49,13,3,49,42,14,1,32,20,31,32,1,32,15,9,30,5,13,3,13,5,44,3,13,5,44,48,44,5,44,48,44,42,14,42,14,42,49,3,13,3,49,42,14,42,49,5,13,42,49,48,44,43,20,32,1,14,42#
37,36,39,36,38,37,38,37,38,37,38,37,38,37,0,38,37,36,39,7,39,40,36,39,7,35,34,2,19,2,19,2,19,2,19,2,33,19,33,19,33,19,33,19,33,19,33,19,33,19,33,19,33,19,33,19,34,35,7,35,7,35,40,39,40,8,0,8,0,8,0,8,0,8,0,8,0,8,0,8,0,51,16,51,16,51,16,51,16,51,16,51,16,50,6,16,51,16,51,16,51,16,51,16,51,0,8,16,0,8,40,8,0,8,0,8,0,8,0,8,0,8,0,8,0,8,0,8,0,8,0,8,0,8,0,8,0,51,16,50,6,41,50,6,41,6,41,50,6,41,50,6,41,50,6,41,50,41,50,6,41,50,6,41,50,41,50,41,50,41,50,41,50,6,41,50,41,50,41,50,41,50,6,41,50,41,50,6,41,50,41,50,6,41,50,41,50,6,41,50,41,50,6,41,6,41,6,35#
12,24,10,12,52,17,52,26,29,25,11,25,10,24,25,28,27,28,27,28,52,26,29,27,28,27,28,11,29,11,25,12,52,26,52,29,11,25,29,25,10,24,10,24,10,24,10,12,52,29,26,29,52,26,29,26,29,52,27,26,29,27,28,24,25,12,24,25,26,29,11,25,28,27,28,52,27,26,29,11,25,11,29,52,27,26,29,52,26,52,27,28,11,28,27,28,27,26,29,52,26,52,26,52,17,52,26,52,27,28,11,29,26,29,12,10,24,10,24,12,10,24,10,24,25,10,24,10,24,12,24,10,12,24,12,10,12,52,27,28,27,26,29,12,24,12,52,27,26,52,26,29,26,29,52,27,28,27,26,29,52,27,26,29,27,26,29#
