54
8.0625 31.25
37.125 39
32.6875 43.9167
37.8125 29.1667
35.1875 12.4167
36.3125 21.8333
24.3125 27.8333
17.75 40.5833
12.625 34.75
20.1875 29
19.875 10.25
9.4375 9.33333
19.125 15.9167
36.25 26.75
35.125 37.9167
25.3125 36.5833
15.125 27
6.4375 26
19 34.9167
32.625 43.25
45.375 33.9167
39.3125 20.0833
35.25 14.3333
25.125 13.6667
20.0625 7.33333
13.75 7.08333
9.9375 16.25
5.5 16.1667
4.4375 9.5
11.375 13.5
26.6875 22.5833
42.0625 33.25
41.1875 39.5
37.0625 45.0833
25.125 46.0833
21.375 40.75
10.5625 43.25
3.5625 38.9167
6.125 36.6667
15.3125 39.5
17.3125 37.25
22.8125 31.3333
35.9375 34.5
43.875 29.25
44.5 24.4167
44.0625 15.6667
39.5 11.6667
39.0625 17.9167
41.25 26.25
35.8125 31.5
20.8125 32.3333
11.9375 27.25
11.3125 19.8333
15.8125 12.25
